30 50 10
18 28 421
8 12 906
10 19 205
4 8 501
8 16 318
24 27 419
17 22 202
29 30 496
3 22 603
25 27 25
22 23 463
13 25 42
27 29 262
16 23 491
15 24 914
14 24 394
5 12 889
7 8 843
3 13 867
24 25 329
28 30 722
25 26 336
11 24 826
17 23 740
12 14 902
10 25 190
28 29 105
22 27 323
8 11 4
6 10 77
1 30 412
3 17 238
19 22 329
6 13 727
1 3 690
1 20 969
8 17 111
22 29 430
6 24 716
19 24 16
10 28 229
12 29 811
4 16 210
18 22 488
3 9 932
8 10 698
21 28 468
1 4 314
11 21 923
14 27 770
7 12 296
5 14 901
11 16 105
10 22 764
27 28 960
19 29 71
13 26 611
21 29 623
23 28 193
9 16 630