100
12 4 7
15 6 9
1 6 5
14 10 14
14 18 0
9 15 6
11 2 18
4 6 13
7 4 12
5 13 13
7 5 10
14 12 16
16 13 2
1 19 4
7 13 2
7 15 9
5 18 4
3 14 10
9 13 15
1 19 0
14 6 5
16 13 10
12 9 15
6 2 15
10 9 0
5 8 7
14 6 5
18 9 12
1 10 5
16 11 16
8 18 15
13 6 8
15 19 9
11 5 11
18 8 12
10 13 12
18 7 18
15 18 0
7 19 10
5 7 14
1 15 4
16 0 10
4 16 9
13 19 7
16 9 15
0 19 8
13 17 7
11 5 5
11 12 4
14 17 3
8 19 18
12 15 19
2 12 7
4 17 18
11 14 7
6 6 18
6 19 8
13 3 13
11 6 5
7 0 15
11 8 6
9 0 13
0 15 5
7 19 3
5 10 9
4 8 15
3 14 7
11 19 10
16 10 16
1 10 9
8 1 17
14 10 10
8 11 17
13 10 16
8 8 18
9 12 6
17 7 12
16 10 3
6 6 6
14 0 16
3 8 17
13 3 19
15 3 2
12 8 13
8 17 13
18 18 17
4 7 5
8 3 7
3 1 6
9 8 6
5 3 6
14 16 1
6 11 4
8 15 13
13 15 2
6 13 12
16 9 0
1 17 15
0 1 17
6 2 5
